round0:0.389694,3.1915e-05
round1:24.2055,0.000867812
round2:112.839,0.00433222
round3:1.46959,4.98341e-05
round4:19.8528,0.000395156
round5:0.144052,2.76034e-05
round6:43.8005,0.00133548
round7:48.9353,0.00126845
round8:7.19508,0.000262272
round9:0.218398,3.68179e-05
round10:282.161,0.00605125
round11:26.4831,0.0007797
round12:7.94955,0.000295539
round13:0.193611,4.18118e-05
round14:1.1388,4.71616e-05
round15:8.68048,0.000224331
round16:21.2132,0.000676997
round17:0.115018,3.05042e-05
round18:73.8365,0.00207986
round19:2.01531,0.000106815
round20:13.6619,0.000486925
round21:0.996895,6.70108e-05
round22:7.92413e-05,1.61508e-06
round23:0.329722,4.11714e-05
round24:0.0221905,2.48723e-05
round25:24.3578,0.000898087
round26:34.7185,0.00106384
round27:2.35591,0.000112504
round28:104.453,0.00361451
round29:20.5171,0.000687974
round30:6.91412,0.000297933
round31:0.317033,4.31891e-05
round32:83.3045,0.00192533
round33:35.6281,0.000909498
round34:72.0905,0.00228655
round35:52.4175,0.00178706
round36:26.5888,0.000518745
round37:78.9982,0.00261666
round38:180.797,0.00483869
round39:47.1678,0.0014749
round40:1.75352e-05,6.26695e-07
round41:3.57391,0.000169351
round42:87.3904,0.00289458
round43:64.8678,0.00213011
round44:11.4293,0.000296384
round45:94.8397,0.00341954
round46:4.74712,0.000111599
round47:2.11484,7.21494e-05
round48:2.9909,8.8164e-05
round49:27.9728,0.00103166
round50:2.73861,0.00010928
round51:0.138372,2.66278e-05
round52:13.2733,0.000351151
round53:99.974,0.00259596
round54:181.914,0.00458579
round55:30.107,0.000589456
round56:5.36282,0.000222484
round57:3.92496,0.000115142
round58:10.767,0.000309251
round59:17.7499,0.000561477
round60:0.113579,3.13737e-05
round61:2.60751,0.000127735
round62:29.2181,0.000812606
round63:50.9247,0.00182598
round64:0.323316,3.90319e-05
round65:5.26276,0.000123994
round66:2.60072,6.60057e-05
round67:178.362,0.00473883
round68:7.0525,0.000258875
round69:3.7049,0.000141115
round70:57.4493,0.0015423
round71:2.70837,0.000105789
round72:0.323351,3.65194e-05
round73:21.0429,0.000486582
round74:170.559,0.00326983
round75:2.7298,0.00010534
round76:69.0368,0.00230347
round77:39.7211,0.000793715
round78:85.2202,0.00256036
round79:58.3016,0.00168272
round80:1.70136,8.90237e-05
round81:1.45956,8.04357e-05
round82:1.88304,6.6407e-05
round83:0.543005,4.08268e-05
round84:26.9254,0.000878208
round85:138.476,0.00275782
round86:2.43329,8.72986e-05
round87:4.91675,0.000186387
round88:31.0586,0.000853005
round89:207.432,0.00411844
round90:37.3914,0.000654847
round91:13.3134,0.000246873
round92:28.2594,0.000814228
round93:17.6832,0.00031983
round94:21.4424,0.000446082
round95:196.4,0.00522732
round96:20.6417,0.000497864
round97:139.319,0.00266931
round98:2.13321,6.63678e-05
round99:44.1138,0.000991154
