round0:0.3897,3.07492e-05
round1:24.2056,0.00083021
round2:112.84,0.0041492
round3:1.46958,4.76176e-05
round4:19.8531,0.000370016
round5:0.144063,2.66259e-05
round6:43.8007,0.00127239
round7:48.9353,0.00120317
round8:7.19523,0.00025097
round9:0.218404,3.55117e-05
round10:282.166,0.00560889
round11:26.4833,0.000735766
round12:7.94975,0.000280802
round13:0.193598,4.02108e-05
round14:1.13882,4.49419e-05
round15:8.68068,0.000210438
round16:21.2139,0.00064054
round17:0.115028,2.93278e-05
round18:73.8391,0.00195888
round19:2.01531,0.000102117
round20:13.6624,0.00046025
round21:0.996908,6.39844e-05
round22:7.92377e-05,1.55377e-06
round23:0.329734,3.94193e-05
round24:0.0221919,2.38401e-05
round25:24.3587,0.000849243
round26:34.7192,0.0010005
round27:2.35593,0.000106968
round28:104.454,0.00341357
round29:20.5174,0.000648848
round30:6.91414,0.000285145
round31:0.317021,4.14589e-05
round32:83.305,0.00183077
round33:35.6281,0.000865988
round34:72.0911,0.00218403
round35:52.4174,0.00170848
round36:26.5889,0.000491313
round37:78.9983,0.00250064
round38:180.797,0.00461276
round39:47.1672,0.00140855
round40:1.73634e-05,5.92577e-07
round41:3.57389,0.000161179
round42:87.3912,0.00274776
round43:64.8691,0.00202221
round44:11.4293,0.000280554
round45:94.8411,0.00324998
round46:4.74714,0.00010541
round47:2.11487,6.8522e-05
round48:2.99086,8.36108e-05
round49:27.9728,0.000980331
round50:2.73864,0.000111151
round51:0.138369,2.72949e-05
round52:13.2737,0.000353878
round53:99.9775,0.00261238
round54:181.916,0.00461347
round55:30.1072,0.000585423
round56:5.36297,0.000226477
round57:3.92499,0.000116395
round58:10.7672,0.000312281
round59:17.7502,0.000568677
round60:0.113584,3.19711e-05
round61:2.60752,0.000130029
round62:29.2185,0.000825425
round63:50.9249,0.00185707
round64:0.323321,3.9763e-05
round65:5.26276,0.000125816
round66:2.60072,6.7029e-05
round67:178.363,0.00481408
round68:7.05261,0.000263427
round69:3.70496,0.000143539
round70:57.4494,0.00166144
round71:2.7084,0.000114405
round72:0.323369,3.95718e-05
round73:21.0431,0.000523197
round74:170.561,0.0034993
round75:2.72983,0.0001139
round76:69.0382,0.00248627
round77:39.7211,0.000850583
round78:85.2207,0.00276297
round79:58.3025,0.0018147
round80:1.70136,9.49876e-05
round81:1.45959,8.58222e-05
round82:1.88313,7.04702e-05
round83:0.543009,4.3653e-05
round84:26.926,0.000930475
round85:138.479,0.0028668
round86:2.43329,9.27068e-05
round87:4.91685,0.000198084
round88:31.0592,0.000899298
round89:207.437,0.00427872
round90:37.3914,0.000687111
round91:13.3133,0.000259255
round92:28.2597,0.000856215
round93:17.6833,0.000335701
round94:21.4426,0.00046844
round95:196.4,0.0054938
round96:20.6418,0.000523121
round97:139.317,0.00280249
round98:2.13323,6.97819e-05
round99:44.1142,0.00104143
